0 0.767720 0.333555 0.109098 0.033583
0 0.849352 0.292622 0.109475 0.044343
0 0.416538 0.386327 0.136700 0.042267
0 0.417106 0.245742 0.099474 0.030168
0 0.947726 0.260421 0.078374 0.035949
0 0.569291 0.295822 0.090019 0.034608
0 0.720626 0.281236 0.100461 0.032784
0 0.669160 0.317405 0.100186 0.034755
0 0.444948 0.331196 0.134311 0.048325
0 0.095226 0.412653 0.103992 0.057732
0 0.254594 0.357379 0.125246 0.041563
0 0.639195 0.356633 0.129262 0.047618
0 0.422433 0.310991 0.150532 0.037842
0 0.895610 0.789491 0.196214 0.085319
0 0.173054 0.248722 0.112751 0.033735
0 0.408653 0.377835 0.159085 0.055568
