0 0.894566 0.205042 0.160451 0.049085
0 0.428930 0.294730 0.190392 0.062331
0 0.781242 0.250099 0.175484 0.060466
0 0.622144 0.233302 0.133360 0.048926
0 0.918742 0.309374 0.150591 0.060939
0 0.619549 0.146908 0.126055 0.043576
0 0.321814 0.127353 0.138588 0.042558
0 0.495374 0.363036 0.114891 0.057372
0 0.559283 0.352851 0.164636 0.048058
0 0.579322 0.356913 0.148243 0.053193
3 0.783893 0.288913 0.170426 0.066108
0 0.620045 0.359939 0.066079 0.056444
0 0.168993 0.177708 0.136808 0.042636
0 0.512606 0.354496 0.135743 0.052646
