0 0.403899 0.204903 0.182421 0.053296
0 0.200927 0.124794 0.144208 0.042474
0 0.294033 0.172252 0.135133 0.045683
0 0.065909 0.184441 0.131818 0.073044
0 0.765591 0.149423 0.154889 0.045243
0 0.678256 0.139946 0.162593 0.050892
0 0.773566 0.222739 0.157708 0.053152
0 0.483958 0.168748 0.184753 0.043907
0 0.477168 0.100111 0.219439 0.045045
0 0.831918 0.744680 0.336164 0.114481
0 0.875412 0.112238 0.123713 0.042867
0 0.658866 0.072294 0.121849 0.038424
0 0.570915 0.013739 0.108570 0.027477
2 0.572408 0.014050 0.108122 0.028101
