0 0.402061 0.275966 0.138045 0.043861
0 0.667433 0.246426 0.164553 0.048732
0 0.689440 0.163401 0.142588 0.039225
0 0.167943 0.337914 0.206060 0.061649
0 0.518609 0.293331 0.172863 0.053730
0 0.342884 0.447118 0.127345 0.063927
0 0.243928 0.409921 0.202832 0.064277
0 0.644294 0.127678 0.119151 0.040145
0 0.670348 0.353450 0.178196 0.060433
0 0.784803 0.300577 0.185022 0.068782
0 0.518686 0.303727 0.185075 0.076468
0 0.475897 0.446126 0.085560 0.056355
0 0.451395 0.447102 0.138967 0.059104
0 0.824234 0.275386 0.144495 0.073232
0 0.938126 0.222510 0.110596 0.042126
0 0.549905 0.323240 0.247326 0.087702
0 0.906450 0.258380 0.081419 0.040160
0 0.878996 0.257544 0.142013 0.042185
0 0.049638 0.329235 0.089354 0.046782
0 0.443304 0.438723 0.151929 0.046874
