0 0.854825 0.404179 0.076706 0.022029
0 0.601064 0.985167 0.126997 0.029667
0 0.189637 0.554560 0.095025 0.030671
0 0.946239 0.480994 0.093443 0.026157
0 0.791675 0.459248 0.082931 0.035280
0 0.515411 0.435691 0.086382 0.034878
0 0.693037 0.442740 0.107271 0.028093
0 0.793138 0.447125 0.081042 0.033970
0 0.673371 0.444975 0.123590 0.026232
0 0.355935 0.418181 0.087146 0.031611
0 0.798014 0.440440 0.079825 0.022145
0 0.935716 0.477374 0.099129 0.025003
0 0.882872 0.461849 0.075352 0.028819
0 0.678532 0.439337 0.133059 0.030535
0 0.520176 0.430310 0.095023 0.030502
0 0.502736 0.432831 0.114949 0.031962
0 0.926376 0.450562 0.112022 0.023733
0 0.814448 0.438140 0.064232 0.018598
