0 0.540690 0.320410 0.159975 0.045943
0 0.707027 0.352559 0.157638 0.053043
0 0.353758 0.294456 0.138625 0.046486
0 0.537681 0.193840 0.081381 0.026337
0 0.735011 0.309082 0.131917 0.042342
0 0.914201 0.347081 0.164128 0.054283
0 0.922108 0.307949 0.155784 0.067376
0 0.887085 0.206395 0.113196 0.025879
0 0.475724 0.263530 0.134771 0.054207
0 0.076516 0.267801 0.129541 0.033523
0 0.305021 0.246608 0.121344 0.042240
0 0.346051 0.173964 0.101880 0.027817
0 0.640241 0.289441 0.098025 0.031985
0 0.166918 0.238048 0.120565 0.054914
0 0.948743 0.152156 0.073231 0.026854
0 0.729117 0.314605 0.139536 0.057034
