0 0.663674 0.345418 0.155129 0.050115
0 0.579018 0.207042 0.071204 0.027230
0 0.628238 0.176319 0.090679 0.024732
0 0.906898 0.230243 0.114481 0.027448
0 0.039843 0.270576 0.079686 0.049894
0 0.297617 0.261693 0.115057 0.037030
0 0.318331 0.327091 0.235421 0.047476
0 0.280744 0.327028 0.157645 0.043105
0 0.582066 0.313449 0.155789 0.037994
0 0.559149 0.315190 0.107354 0.035409
0 0.478140 0.279036 0.091281 0.045626
0 0.112673 0.252546 0.116449 0.043295
0 0.740632 0.235057 0.056026 0.023250
0 0.210333 0.284727 0.088588 0.040099
0 0.340526 0.322484 0.168499 0.044726
0 0.437896 0.284936 0.127078 0.040244
0 0.715052 0.298544 0.080822 0.036571
0 0.730350 0.234617 0.063759 0.023316
0 0.702739 0.232848 0.092818 0.020870
0 0.720041 0.233155 0.081635 0.021653
