0 0.673633 0.153032 0.122098 0.031385
0 0.957595 0.318976 0.084810 0.042922
0 0.465302 0.273003 0.145457 0.062388
0 0.258494 0.215296 0.139657 0.047398
0 0.067723 0.217742 0.128296 0.039403
0 0.879567 0.174429 0.115629 0.034195
0 0.652445 0.282327 0.142199 0.054980
0 0.399674 0.125459 0.095085 0.025141
0 0.298249 0.257458 0.155164 0.040975
0 0.458018 0.279892 0.153263 0.045959
0 0.867111 0.250170 0.175077 0.044476
0 0.568518 0.263140 0.044041 0.036955
0 0.033920 0.246237 0.067840 0.030119
0 0.626586 0.231659 0.158423 0.042400
