0 0.551043 0.186792 0.116743 0.031159
0 0.315106 0.257530 0.144822 0.045818
0 0.331693 0.293182 0.138737 0.035288
0 0.180294 0.168199 0.149567 0.040791
0 0.732834 0.350699 0.147356 0.046084
0 0.126264 0.269130 0.133024 0.045115
0 0.034751 0.311695 0.069501 0.035407
0 0.208070 0.305275 0.133370 0.035131
0 0.532181 0.255896 0.189257 0.050178
0 0.600292 0.326402 0.085251 0.029908
0 0.115168 0.279417 0.137043 0.036835
0 0.905959 0.307181 0.152158 0.080579
2 0.522647 0.258847 0.201377 0.055093
0 0.043852 0.242222 0.083843 0.042694
0 0.689808 0.288629 0.126957 0.034394
