0 0.091884 0.315726 0.121969 0.049451
0 0.746052 0.220511 0.103749 0.028300
0 0.709188 0.381948 0.154195 0.048466
0 0.283876 0.338060 0.138221 0.043922
0 0.558279 0.362019 0.125713 0.034952
0 0.806228 0.368992 0.069504 0.034227
0 0.780681 0.363471 0.099490 0.029999
0 0.928445 0.366804 0.134396 0.040992
3 0.356751 0.308365 0.301360 0.068226
0 0.850862 0.332982 0.068954 0.026384
0 0.160982 0.286704 0.098106 0.032359
0 0.486526 0.251928 0.084978 0.026702
0 0.936112 0.349961 0.124222 0.035513
0 0.933342 0.357682 0.131740 0.047758
