0 0.212185 0.314359 0.143499 0.040512
0 0.586831 0.308457 0.099692 0.030610
0 0.630308 0.228350 0.075222 0.027029
0 0.475441 0.330171 0.117806 0.044111
0 0.293521 0.266860 0.108161 0.037739
0 0.033038 0.294383 0.066076 0.061296
0 0.361403 0.342460 0.115722 0.036042
0 0.950198 0.249402 0.092026 0.033042
0 0.034544 0.303263 0.069087 0.046086
0 0.143243 0.272562 0.100733 0.040177
0 0.434434 0.291616 0.162291 0.039732
0 0.751458 0.334579 0.239073 0.049273
0 0.231004 0.315967 0.109819 0.036037
0 0.723358 0.286182 0.195192 0.035388
0 0.912950 0.368681 0.165571 0.052380
0 0.493927 0.213948 0.091612 0.022165
