0 0.457067 0.150613 0.132292 0.039931
0 0.966155 0.222541 0.067690 0.044428
0 0.885920 0.286484 0.151670 0.045703
0 0.706980 0.323472 0.170155 0.051573
0 0.765066 0.147711 0.111741 0.034751
0 0.636724 0.236246 0.137379 0.042032
0 0.773360 0.262215 0.126728 0.052573
0 0.824122 0.218465 0.144374 0.043181
0 0.250670 0.309944 0.163646 0.058055
0 0.479196 0.281043 0.195577 0.059390
0 0.415136 0.251715 0.162922 0.050431
0 0.498465 0.285370 0.153921 0.056749
0 0.431573 0.257938 0.187223 0.055790
0 0.397746 0.344379 0.183182 0.075821
