0 0.393121 0.276020 0.162570 0.057702
0 0.075840 0.250099 0.142900 0.039350
0 0.741559 0.167974 0.113629 0.028508
0 0.376440 0.154166 0.096530 0.029744
0 0.492621 0.240528 0.149392 0.053805
0 0.830527 0.301866 0.147234 0.039037
0 0.300798 0.220370 0.127209 0.039481
0 0.619175 0.308981 0.177467 0.051366
0 0.156756 0.222334 0.127932 0.047739
0 0.692455 0.271531 0.140293 0.036038
0 0.605907 0.306034 0.138917 0.047773
0 0.899538 0.353565 0.175799 0.048528
0 0.950726 0.122835 0.070770 0.030414
0 0.493949 0.249148 0.144274 0.045294
0 0.053187 0.189443 0.106373 0.033374
0 0.649887 0.311140 0.118536 0.047888
0 0.947683 0.278076 0.104633 0.036456
