0 0.155214 0.246153 0.139097 0.039955
0 0.476447 0.268910 0.137791 0.049307
0 0.762783 0.148531 0.114516 0.028416
0 0.074282 0.193269 0.111973 0.030979
0 0.524916 0.225599 0.160851 0.040621
0 0.934407 0.320585 0.131186 0.060835
0 0.826243 0.306187 0.191586 0.043828
0 0.196829 0.212041 0.169297 0.045821
0 0.916195 0.270999 0.158613 0.051867
0 0.221579 0.209361 0.224080 0.047359
0 0.936870 0.327881 0.126259 0.042576
0 0.541027 0.147245 0.062268 0.023766
0 0.300141 0.267065 0.133807 0.043595
0 0.324405 0.268655 0.083585 0.043497
0 0.330848 0.271443 0.068313 0.036071
0 0.288513 0.265005 0.160726 0.035073
