0 0.164833 0.241681 0.138040 0.056643
0 0.638400 0.111333 0.113530 0.032835
0 0.884856 0.317356 0.180779 0.052120
0 0.664466 0.257912 0.150839 0.046582
0 0.054695 0.205050 0.099705 0.043987
0 0.747279 0.234366 0.135094 0.035762
0 0.417712 0.151044 0.092111 0.031936
0 0.527669 0.148077 0.059376 0.028282
0 0.175935 0.246639 0.125828 0.046555
0 0.954842 0.283974 0.088990 0.036375
0 0.899006 0.174206 0.134053 0.035198
0 0.616609 0.236444 0.146265 0.033618
0 0.428232 0.286408 0.170213 0.051229
0 0.254488 0.217944 0.256098 0.073799
