0 0.599656 0.985933 0.127185 0.028135
0 0.780940 0.456995 0.075508 0.037808
0 0.879397 0.406077 0.070063 0.022538
0 0.928234 0.477585 0.103451 0.024011
0 0.365796 0.411780 0.092556 0.028399
0 0.182611 0.555950 0.094378 0.031872
0 0.504101 0.428919 0.134663 0.031180
0 0.499568 0.433051 0.109899 0.032456
0 0.348657 0.416826 0.096951 0.029289
0 0.779773 0.448234 0.077798 0.036209
0 0.684105 0.442286 0.107207 0.028114
0 0.873164 0.459166 0.068620 0.030774
0 0.885016 0.458219 0.095192 0.031634
0 0.670374 0.438872 0.136799 0.033702
0 0.902137 0.451636 0.111899 0.024708
0 0.901908 0.456056 0.125421 0.035079
0 0.919913 0.470127 0.112993 0.038904
