0 0.752180 0.355851 0.110787 0.031998
0 0.823903 0.316494 0.098265 0.044304
0 0.652720 0.342328 0.106414 0.033427
0 0.705455 0.306092 0.095864 0.031853
0 0.417146 0.410424 0.129356 0.038709
0 0.269457 0.281788 0.096928 0.031794
0 0.424447 0.355703 0.138579 0.051190
0 0.558887 0.319089 0.092668 0.031280
0 0.141140 0.438077 0.160553 0.047669
0 0.147609 0.352626 0.071601 0.035622
0 0.879186 0.814430 0.241629 0.089937
0 0.331085 0.393324 0.068485 0.039052
0 0.406440 0.334131 0.137852 0.040516
0 0.628145 0.377024 0.124414 0.050784
0 0.933057 0.285126 0.085873 0.036417
