0 0.688898 0.212765 0.118579 0.031411
0 0.752744 0.349305 0.167166 0.047334
0 0.124198 0.248900 0.158683 0.052108
0 0.278521 0.300447 0.127096 0.038279
0 0.416614 0.326161 0.156737 0.059754
0 0.298914 0.259841 0.136545 0.040549
0 0.458157 0.278453 0.139806 0.048058
0 0.622724 0.313137 0.132673 0.044536
0 0.048863 0.272841 0.097726 0.040277
0 0.549720 0.165047 0.045717 0.026177
0 0.857238 0.313135 0.068551 0.040991
0 0.459048 0.210564 0.064084 0.025061
0 0.378007 0.189965 0.084187 0.021337
0 0.942788 0.239265 0.094857 0.027195
0 0.489070 0.276427 0.090951 0.046976
