0 0.907211 0.318994 0.168394 0.054600
0 0.195424 0.245553 0.130436 0.051427
0 0.614586 0.110113 0.111341 0.030146
0 0.463712 0.288917 0.161397 0.056567
0 0.681010 0.260720 0.149985 0.044294
0 0.429375 0.141998 0.078735 0.026530
0 0.058894 0.203776 0.103221 0.045000
0 0.763873 0.234518 0.145295 0.035583
0 0.624634 0.235697 0.150492 0.033747
0 0.378295 0.217013 0.073595 0.028501
0 0.180587 0.238447 0.142126 0.049096
0 0.371680 0.221123 0.083275 0.032885
2 0.067199 0.202983 0.099312 0.041142
0 0.887831 0.287442 0.160144 0.037433
0 0.021705 0.247789 0.043411 0.030447
