0 0.775364 0.331197 0.112312 0.032463
0 0.431181 0.385066 0.137372 0.038865
0 0.675261 0.317150 0.102918 0.033997
0 0.949760 0.260255 0.071380 0.035563
0 0.359962 0.249424 0.099892 0.030140
0 0.850085 0.290653 0.103805 0.044511
0 0.727403 0.280233 0.099615 0.031814
0 0.447392 0.330240 0.133070 0.046174
0 0.579290 0.294264 0.092051 0.030685
0 0.410744 0.307379 0.114170 0.034939
0 0.648027 0.353807 0.122132 0.045945
0 0.102364 0.414786 0.080415 0.047352
0 0.107204 0.253709 0.100582 0.032145
0 0.346861 0.365174 0.070351 0.037673
0 0.898607 0.788164 0.202785 0.083317
