0 0.651828 0.287133 0.119698 0.036407
0 0.162147 0.435175 0.191146 0.063179
0 0.491586 0.411833 0.155856 0.069521
0 0.912930 0.416852 0.140385 0.041119
0 0.043166 0.408809 0.080534 0.048541
0 0.811824 0.450387 0.141461 0.045927
0 0.720597 0.407753 0.136139 0.047739
0 0.618273 0.362826 0.133525 0.043584
0 0.331866 0.382574 0.147975 0.046663
0 0.535122 0.253684 0.126453 0.034538
0 0.875474 0.349587 0.172156 0.044852
0 0.322844 0.494359 0.193586 0.069754
0 0.417218 0.448589 0.191879 0.046694
0 0.165261 0.466370 0.195512 0.060541
0 0.446957 0.449608 0.135714 0.045247
