0 0.256002 0.316187 0.147677 0.039170
0 0.609361 0.225479 0.100309 0.029912
0 0.097341 0.313638 0.134718 0.038826
0 0.905298 0.230474 0.100368 0.024274
0 0.501101 0.330393 0.150713 0.057104
0 0.599188 0.307093 0.129746 0.031509
0 0.281732 0.263721 0.111821 0.035020
0 0.656277 0.368709 0.076108 0.042100
0 0.414491 0.287299 0.134953 0.037884
0 0.593323 0.362400 0.110889 0.053640
0 0.430053 0.284424 0.166829 0.044103
0 0.748038 0.336040 0.143706 0.041350
0 0.620628 0.366908 0.143590 0.045898
0 0.022062 0.280263 0.044124 0.030006
