0 0.733572 0.349168 0.158409 0.047516
0 0.123734 0.250080 0.175956 0.049557
0 0.772231 0.218566 0.113750 0.027752
0 0.311250 0.261824 0.131631 0.038030
0 0.051628 0.278637 0.103256 0.031679
0 0.379003 0.329590 0.161492 0.052345
0 0.265870 0.304495 0.107034 0.028016
0 0.475515 0.277318 0.139528 0.046538
0 0.612604 0.314824 0.123416 0.040956
0 0.454456 0.196258 0.096958 0.028920
0 0.849827 0.314848 0.046323 0.038999
0 0.481144 0.280357 0.106316 0.048996
0 0.435364 0.324865 0.105621 0.046480
0 0.574861 0.221914 0.050983 0.023974
0 0.268875 0.285790 0.128573 0.047801
0 0.849621 0.320701 0.053108 0.047815
0 0.261308 0.300191 0.108607 0.032678
