0 0.771186 0.361606 0.171274 0.052353
0 0.363462 0.326420 0.136869 0.041104
0 0.460418 0.290900 0.163190 0.046566
0 0.134857 0.315295 0.149050 0.058573
0 0.418236 0.225431 0.107493 0.028903
0 0.120295 0.308734 0.122105 0.053141
0 0.261440 0.266951 0.103314 0.046306
0 0.857402 0.326716 0.097271 0.038578
0 0.412756 0.297500 0.206695 0.044380
0 0.121128 0.320935 0.141882 0.045730
0 0.373162 0.300544 0.124058 0.042886
0 0.617545 0.332006 0.212971 0.045239
0 0.273534 0.266693 0.097897 0.040267
0 0.946773 0.238504 0.069413 0.020485
0 0.950092 0.241649 0.071385 0.020963
