0 0.576913 0.242741 0.139348 0.048571
0 0.849558 0.210659 0.153466 0.049205
0 0.720201 0.257056 0.161136 0.054633
0 0.393469 0.125941 0.123291 0.041496
0 0.380799 0.305337 0.193971 0.058947
0 0.451174 0.374662 0.141065 0.059194
0 0.968497 0.270414 0.059654 0.040350
0 0.287608 0.171307 0.141040 0.043006
0 0.872567 0.314227 0.177787 0.050633
0 0.722093 0.139357 0.125642 0.049574
3 0.733517 0.297417 0.183998 0.066841
0 0.935192 0.376526 0.129616 0.062722
0 0.463671 0.362698 0.165214 0.050662
2 0.935264 0.376637 0.129473 0.058715
0 0.503889 0.353178 0.130951 0.026754
0 0.722070 0.129805 0.132165 0.070190
