0 0.624774 0.212005 0.101467 0.028347
0 0.296180 0.321980 0.219080 0.044941
0 0.640409 0.342157 0.143226 0.047780
0 0.651536 0.176848 0.092128 0.026412
0 0.299606 0.261978 0.112482 0.036817
0 0.038301 0.270234 0.076603 0.051391
0 0.238791 0.323929 0.129069 0.042039
0 0.431223 0.286394 0.123976 0.039648
0 0.921806 0.368477 0.155575 0.096056
0 0.586572 0.311885 0.186154 0.037178
0 0.206052 0.281769 0.102152 0.047863
0 0.328675 0.320952 0.148805 0.042444
0 0.482386 0.276822 0.092859 0.041399
0 0.100194 0.252413 0.130183 0.039843
0 0.548933 0.313397 0.107743 0.034359
0 0.717059 0.299505 0.076287 0.034869
