0 0.114969 0.240679 0.130659 0.050309
0 0.799009 0.314377 0.175417 0.048621
0 0.684071 0.115777 0.113744 0.030312
0 0.925184 0.283242 0.149632 0.040848
0 0.595459 0.161546 0.194541 0.035717
0 0.629990 0.255132 0.160474 0.048132
0 0.291690 0.283050 0.152998 0.043439
0 0.923666 0.274703 0.149520 0.060778
0 0.773421 0.286647 0.132609 0.022239
0 0.370614 0.211730 0.070844 0.021281
0 0.615042 0.236986 0.194465 0.038956
0 0.618843 0.156443 0.138984 0.030501
0 0.627431 0.249917 0.193198 0.057292
0 0.402124 0.276463 0.126465 0.039094
0 0.073325 0.204696 0.138390 0.047717
0 0.591985 0.234520 0.146096 0.035024
0 0.420988 0.277529 0.090123 0.033817
