0 0.843640 0.340414 0.167033 0.051110
0 0.564093 0.339602 0.147960 0.043209
0 0.690133 0.204890 0.109734 0.028358
0 0.681298 0.307324 0.122354 0.037725
0 0.301760 0.246368 0.118865 0.044874
0 0.155249 0.238239 0.122331 0.052450
0 0.899620 0.304058 0.160583 0.058655
0 0.463959 0.261545 0.135770 0.055045
0 0.126262 0.239125 0.178787 0.055750
0 0.313475 0.290198 0.136378 0.037135
0 0.444268 0.181470 0.071792 0.024137
0 0.058626 0.265013 0.117253 0.032744
0 0.454298 0.305748 0.105448 0.047971
0 0.060011 0.257979 0.120022 0.046264
