0 0.779329 0.343492 0.166912 0.050194
0 0.597951 0.198987 0.110785 0.028657
0 0.292042 0.252937 0.134494 0.040294
0 0.284715 0.295923 0.124260 0.037767
0 0.145364 0.244555 0.123185 0.052928
0 0.451928 0.320863 0.143334 0.083160
0 0.872473 0.307873 0.100511 0.043287
0 0.640285 0.306895 0.129195 0.049484
0 0.849624 0.225092 0.111313 0.033121
0 0.464890 0.267469 0.136281 0.048647
0 0.051489 0.270575 0.102978 0.038101
0 0.957112 0.285629 0.085747 0.029584
0 0.111166 0.244514 0.200223 0.054011
0 0.947233 0.341068 0.105533 0.055187
0 0.457734 0.326172 0.141383 0.061660
