0 0.609160 0.152269 0.117955 0.030460
0 0.912357 0.317863 0.175287 0.062267
0 0.442939 0.265481 0.132570 0.050588
0 0.887124 0.268656 0.178407 0.049379
0 0.066432 0.191778 0.112375 0.029779
0 0.180171 0.210865 0.184201 0.048284
0 0.829205 0.151642 0.111987 0.025630
0 0.516265 0.224046 0.152417 0.039333
0 0.248087 0.263519 0.176249 0.040723
0 0.127496 0.241101 0.132649 0.037833
0 0.289407 0.264619 0.091942 0.039103
0 0.772862 0.300024 0.162418 0.042059
0 0.411161 0.127227 0.098232 0.025862
0 0.208404 0.208545 0.249395 0.051591
0 0.296033 0.268463 0.077716 0.033206
