0 0.581619 0.148727 0.127647 0.040450
0 0.697973 0.238082 0.138788 0.042552
0 0.885097 0.146432 0.116186 0.035651
0 0.879624 0.221261 0.149476 0.043935
0 0.470447 0.253122 0.152306 0.047605
0 0.934932 0.287695 0.130136 0.043563
0 0.768182 0.327078 0.170292 0.051288
0 0.832050 0.266291 0.118425 0.052020
0 0.313316 0.311112 0.151236 0.058789
0 0.564387 0.287701 0.167313 0.057638
0 0.115652 0.396206 0.156523 0.056087
0 0.458933 0.354118 0.191086 0.065432
0 0.486260 0.258266 0.175503 0.055244
0 0.097022 0.395880 0.194044 0.060893
0 0.141694 0.395952 0.098509 0.052343
