0 0.170345 0.316903 0.124828 0.046139
0 0.713420 0.365725 0.137364 0.033821
0 0.422978 0.344583 0.168030 0.047843
0 0.923401 0.274310 0.142348 0.037297
0 0.036934 0.316781 0.073868 0.037776
0 0.714090 0.332729 0.213344 0.053697
0 0.463732 0.343085 0.244046 0.053028
0 0.422576 0.243751 0.094460 0.025158
0 0.073205 0.284449 0.111461 0.023951
0 0.943854 0.340392 0.112293 0.039931
0 0.963085 0.376939 0.073830 0.042680
0 0.734684 0.330040 0.168384 0.046417
0 0.942895 0.366306 0.107125 0.039824
0 0.185560 0.281116 0.100256 0.037275
3 0.476776 0.340075 0.287130 0.057130
