0 0.945772 0.318800 0.108456 0.043648
0 0.749424 0.157994 0.126478 0.030375
0 0.445520 0.275104 0.139382 0.054607
0 0.853057 0.250199 0.161943 0.045010
0 0.432866 0.128459 0.084937 0.026859
0 0.058525 0.216081 0.109133 0.047379
0 0.252316 0.215899 0.136346 0.052203
0 0.624080 0.279825 0.133720 0.058874
0 0.279821 0.257198 0.150160 0.040718
0 0.606433 0.234588 0.173177 0.045218
0 0.547899 0.261909 0.047005 0.042078
0 0.022185 0.244630 0.044369 0.030417
0 0.945364 0.175653 0.105031 0.036273
0 0.752353 0.106909 0.158047 0.032108
