0 0.793074 0.318337 0.133163 0.038685
0 0.569642 0.274647 0.117274 0.038714
0 0.224032 0.341905 0.161576 0.052578
0 0.634354 0.349696 0.135477 0.048680
0 0.548697 0.207064 0.104923 0.032223
0 0.735799 0.259019 0.124600 0.038198
0 0.909132 0.273219 0.135204 0.044948
0 0.433482 0.313403 0.151711 0.065366
0 0.683183 0.299561 0.111323 0.041141
0 0.269284 0.210919 0.113227 0.037058
0 0.979195 0.234250 0.041611 0.033905
0 0.895734 0.268401 0.133909 0.049943
0 0.923809 0.830931 0.146500 0.091831
0 0.378673 0.377378 0.149874 0.051099
0 0.395361 0.379880 0.125242 0.042121
0 0.354698 0.367398 0.153379 0.062490
0 0.354043 0.289356 0.099064 0.040482
0 0.617674 0.348472 0.100083 0.044771
