0 0.731732 0.305346 0.174948 0.049081
0 0.888819 0.280750 0.157936 0.041126
0 0.735291 0.172421 0.164836 0.039226
0 0.745348 0.118531 0.118069 0.029845
0 0.070579 0.237560 0.123398 0.046315
0 0.327114 0.271075 0.156534 0.037560
0 0.185816 0.272134 0.123483 0.035721
0 0.596359 0.253043 0.132079 0.040537
0 0.605022 0.249912 0.155805 0.049184
0 0.618827 0.245548 0.206693 0.053623
0 0.239848 0.223806 0.074260 0.037312
0 0.639542 0.230763 0.195972 0.033889
0 0.719529 0.285983 0.164700 0.024418
0 0.973669 0.330856 0.052663 0.054991
0 0.123507 0.186566 0.125664 0.040722
