0 0.688129 0.232844 0.106759 0.027450
0 0.494028 0.334935 0.141033 0.060677
0 0.241252 0.318245 0.149676 0.037402
0 0.374384 0.209275 0.088810 0.025572
0 0.504577 0.343322 0.159679 0.072110
0 0.069752 0.313874 0.130247 0.037108
0 0.948276 0.372017 0.103448 0.054834
0 0.282282 0.266149 0.114052 0.035184
0 0.597475 0.306717 0.130571 0.032444
0 0.536590 0.351476 0.150884 0.071303
0 0.790298 0.187443 0.098693 0.029419
0 0.574424 0.354087 0.100031 0.062136
0 0.426507 0.286334 0.158716 0.038989
0 0.442483 0.282634 0.165144 0.046474
