0 0.590347 0.306839 0.103660 0.031910
0 0.216248 0.311623 0.142444 0.043181
0 0.526133 0.216936 0.068129 0.027950
0 0.294713 0.263977 0.108837 0.035017
0 0.043118 0.298554 0.086235 0.052126
0 0.893848 0.241346 0.123172 0.033876
0 0.513279 0.326004 0.068541 0.041328
0 0.409296 0.286711 0.123451 0.040271
0 0.450689 0.325343 0.144537 0.046954
0 0.497246 0.325263 0.090550 0.043310
0 0.140867 0.269310 0.098783 0.034363
0 0.920830 0.365547 0.150554 0.045950
0 0.480064 0.325329 0.113333 0.047923
0 0.431593 0.329920 0.155439 0.052441
0 0.437234 0.305335 0.098878 0.018520
