0 0.594521 0.984601 0.122705 0.030797
0 0.792144 0.459957 0.083019 0.034898
0 0.529000 0.436259 0.081127 0.037050
0 0.182011 0.555553 0.094604 0.030371
0 0.944583 0.480093 0.095213 0.030330
0 0.659062 0.447590 0.085466 0.023676
0 0.469894 0.427667 0.088494 0.024249
0 0.364133 0.421924 0.073480 0.033155
0 0.789928 0.448153 0.085836 0.029393
0 0.684609 0.446465 0.124281 0.024982
0 0.355449 0.418840 0.087865 0.031028
0 0.918843 0.450285 0.104337 0.023946
0 0.882844 0.462726 0.068954 0.027040
0 0.833918 0.402073 0.047192 0.019027
0 0.598837 0.422224 0.098268 0.023275
0 0.349803 0.413771 0.086788 0.025653
0 0.794733 0.442171 0.083307 0.020412
0 0.705489 0.444229 0.089376 0.025661
0 0.498085 0.429949 0.134505 0.030353
