0 0.598674 0.986766 0.128612 0.026468
0 0.178343 0.556862 0.091122 0.031733
0 0.920322 0.479114 0.096470 0.024586
0 0.353761 0.413981 0.102225 0.029011
0 0.490145 0.433206 0.116611 0.030872
0 0.775205 0.458406 0.074164 0.035406
0 0.498566 0.429117 0.135467 0.031562
0 0.667080 0.440587 0.119030 0.031554
0 0.983831 0.466399 0.032337 0.021584
0 0.775695 0.447857 0.075697 0.036231
0 0.899995 0.407819 0.079994 0.021270
0 0.655135 0.444513 0.123138 0.028194
0 0.343877 0.416871 0.096193 0.028564
0 0.655321 0.436876 0.143629 0.035865
0 0.912469 0.474109 0.092251 0.026376
0 0.864954 0.459594 0.071285 0.029359
