0 0.269844 0.254316 0.133973 0.046933
0 0.606333 0.302979 0.160297 0.051908
0 0.559605 0.105274 0.108456 0.030590
0 0.834721 0.237754 0.130742 0.037861
0 0.079226 0.251243 0.146883 0.044702
0 0.661820 0.241446 0.160700 0.045278
0 0.440858 0.221972 0.129448 0.040270
0 0.364171 0.235420 0.127188 0.029858
0 0.242612 0.244973 0.140089 0.041424
0 0.111829 0.255317 0.079568 0.031477
0 0.099687 0.252358 0.103151 0.037322
0 0.716436 0.263670 0.199045 0.042806
0 0.656492 0.155624 0.130276 0.031018
0 0.744429 0.265657 0.143148 0.039740
0 0.323484 0.234127 0.208097 0.032136
0 0.513138 0.284307 0.063702 0.034410
0 0.215926 0.237255 0.081239 0.031148
0 0.524705 0.283692 0.088658 0.035877
0 0.681903 0.246518 0.208980 0.052266
0 0.559570 0.283718 0.158726 0.037984
0 0.315785 0.131896 0.090093 0.025198
