0 0.406110 0.321613 0.152946 0.044365
0 0.069844 0.274383 0.125546 0.045593
0 0.512051 0.295348 0.127904 0.031283
0 0.759918 0.385291 0.141802 0.041579
0 0.187331 0.291730 0.057965 0.032467
0 0.874354 0.238754 0.065490 0.020570
0 0.739867 0.386162 0.101624 0.033968
0 0.598653 0.343298 0.136392 0.035030
0 0.813204 0.404331 0.073269 0.021231
0 0.299815 0.329449 0.077901 0.038122
0 0.197379 0.293644 0.072541 0.028140
0 0.599596 0.335779 0.149185 0.049198
0 0.691806 0.302043 0.250769 0.058948
0 0.177539 0.289179 0.055590 0.035665
0 0.621746 0.344870 0.092505 0.031813
