0 0.652751 0.162053 0.109095 0.031485
0 0.880296 0.305436 0.151823 0.040564
0 0.311469 0.220313 0.132905 0.039942
0 0.502614 0.239920 0.160549 0.060079
0 0.103440 0.252137 0.147433 0.038375
0 0.428573 0.278173 0.165203 0.053001
0 0.837513 0.179879 0.119119 0.030501
0 0.666393 0.309707 0.179994 0.055235
0 0.173785 0.219718 0.107237 0.039506
0 0.959858 0.356251 0.080284 0.044396
0 0.064140 0.188340 0.128125 0.036568
0 0.944040 0.122392 0.083062 0.028974
0 0.959988 0.274993 0.078016 0.035983
0 0.706897 0.270279 0.153494 0.039149
