0 0.510871 0.292006 0.162339 0.058213
0 0.930447 0.320218 0.133212 0.054602
0 0.593474 0.108322 0.106460 0.029079
0 0.218460 0.246768 0.129741 0.051609
0 0.198195 0.241779 0.137864 0.048520
0 0.787575 0.235288 0.145053 0.036880
0 0.294955 0.140972 0.092439 0.026658
0 0.405102 0.137215 0.101620 0.028165
0 0.701379 0.262423 0.144383 0.041461
0 0.043340 0.248339 0.083243 0.038228
0 0.636332 0.235795 0.137072 0.033281
0 0.394676 0.219919 0.101251 0.035910
0 0.066556 0.203691 0.115025 0.044160
0 0.307154 0.224795 0.201369 0.050660
0 0.182666 0.236396 0.102229 0.031307
