0 0.294381 0.255052 0.140936 0.052225
0 0.666389 0.306129 0.161071 0.053946
0 0.103183 0.252170 0.166279 0.047504
0 0.467325 0.224328 0.133437 0.042687
0 0.585331 0.287731 0.141609 0.037215
0 0.765214 0.264781 0.149482 0.040648
0 0.150221 0.259254 0.077636 0.028895
0 0.125798 0.254747 0.124995 0.040012
0 0.539974 0.103798 0.075021 0.028291
0 0.860288 0.239143 0.135881 0.036199
0 0.248592 0.239955 0.090146 0.027805
0 0.144325 0.256668 0.085011 0.035957
0 0.378255 0.234879 0.108670 0.032115
0 0.121264 0.206823 0.174484 0.049371
0 0.615166 0.291249 0.202312 0.043931
0 0.693320 0.157498 0.087722 0.024581
