0 0.559653 0.136890 0.101369 0.027944
0 0.918176 0.314133 0.163648 0.047728
0 0.796026 0.245852 0.131686 0.039988
0 0.564008 0.278497 0.148936 0.053338
0 0.037360 0.212552 0.074720 0.040086
0 0.226371 0.251772 0.141451 0.046210
0 0.423658 0.278751 0.077506 0.031603
0 0.228044 0.215422 0.140166 0.052468
0 0.824316 0.111318 0.114788 0.034893
0 0.405103 0.277260 0.115267 0.034050
0 0.927613 0.168026 0.132445 0.033231
0 0.382450 0.277498 0.146813 0.036391
0 0.115694 0.196160 0.118857 0.032277
0 0.567669 0.229498 0.174286 0.040556
