0 0.431066 0.445928 0.158003 0.043641
0 0.759979 0.326359 0.111039 0.035094
0 0.812410 0.382801 0.119453 0.038061
0 0.174097 0.306386 0.121174 0.036239
0 0.589782 0.341936 0.101372 0.033537
0 0.884030 0.338417 0.109926 0.046477
0 0.686446 0.366647 0.112340 0.040668
0 0.654711 0.411702 0.112562 0.046004
0 0.332530 0.424748 0.084842 0.041283
0 0.121746 0.478635 0.182704 0.052233
0 0.977525 0.301239 0.044712 0.030785
0 0.433338 0.390692 0.150830 0.045181
0 0.430902 0.360970 0.193297 0.043727
0 0.432863 0.410491 0.152407 0.084718
0 0.894436 0.896737 0.204571 0.095854
0 0.121852 0.380618 0.081249 0.041881
0 0.090983 0.476453 0.151686 0.058959
