0 0.705753 0.174542 0.127749 0.037607
0 0.390015 0.309476 0.182771 0.051076
0 0.296754 0.291957 0.170777 0.048092
0 0.834696 0.242774 0.133850 0.046402
0 0.079685 0.175535 0.142878 0.040484
0 0.078038 0.356413 0.156076 0.050397
0 0.652846 0.328103 0.181978 0.047248
0 0.701234 0.289793 0.152603 0.063818
0 0.553876 0.261864 0.160174 0.050346
0 0.544288 0.372141 0.196278 0.059428
0 0.934495 0.285513 0.126467 0.047754
0 0.631210 0.139705 0.119885 0.037485
0 0.391751 0.325061 0.195897 0.085635
0 0.166246 0.470352 0.240721 0.074663
0 0.401734 0.337743 0.197650 0.078427
0 0.719148 0.281498 0.179568 0.051012
0 0.170780 0.446168 0.169952 0.089374
0 0.136849 0.420642 0.219113 0.047810
