0 0.589058 0.984644 0.122581 0.030711
0 0.541569 0.438328 0.072629 0.037436
0 0.792077 0.460617 0.082390 0.032713
0 0.659393 0.449370 0.081904 0.022558
0 0.464509 0.428108 0.083538 0.023495
0 0.368689 0.422779 0.068264 0.035689
0 0.178893 0.554422 0.097124 0.030109
0 0.680970 0.448250 0.116431 0.023661
0 0.359331 0.420286 0.082673 0.035862
0 0.940322 0.478383 0.099354 0.031600
0 0.789276 0.449184 0.084899 0.034011
0 0.692299 0.444726 0.120416 0.025780
0 0.886585 0.462871 0.064483 0.026705
0 0.600864 0.423206 0.101273 0.024660
0 0.348146 0.414427 0.093873 0.026835
0 0.169965 0.558449 0.099819 0.031800
0 0.949407 0.483638 0.089755 0.025305
0 0.917499 0.451432 0.106263 0.024880
