0 0.589502 0.198724 0.103512 0.028910
0 0.916502 0.307264 0.163737 0.059102
0 0.887041 0.345652 0.173483 0.055915
0 0.648812 0.348126 0.148891 0.046103
0 0.710418 0.307731 0.132378 0.045919
0 0.338685 0.294911 0.132295 0.036987
0 0.391611 0.177015 0.097511 0.027659
0 0.066951 0.267628 0.131399 0.034919
0 0.471485 0.262538 0.129713 0.056231
0 0.301407 0.248127 0.116664 0.046006
0 0.160635 0.237846 0.126819 0.057507
0 0.303645 0.256378 0.117513 0.070147
0 0.954042 0.211404 0.091916 0.026585
0 0.055893 0.213898 0.111785 0.023341
