0 0.586078 0.984155 0.116974 0.031690
0 0.658400 0.450881 0.078402 0.020839
0 0.791575 0.461110 0.080378 0.032176
0 0.551654 0.446757 0.076044 0.031060
0 0.174917 0.554214 0.103901 0.030580
0 0.370111 0.422231 0.064672 0.037447
0 0.343234 0.410663 0.096389 0.023556
0 0.462575 0.428327 0.086445 0.023794
0 0.673227 0.449949 0.100573 0.021938
0 0.358913 0.418585 0.081861 0.038267
0 0.915478 0.453688 0.104353 0.027504
0 0.947321 0.483534 0.100190 0.023527
0 0.918852 0.458547 0.114317 0.035196
0 0.787163 0.446825 0.085007 0.028324
0 0.593077 0.424829 0.112944 0.024772
