0 0.410265 0.326921 0.137997 0.042854
0 0.852748 0.249442 0.110269 0.028327
0 0.221769 0.333311 0.125453 0.033794
0 0.842361 0.359745 0.166274 0.034941
0 0.160028 0.306337 0.099969 0.045274
0 0.150439 0.301516 0.104083 0.049948
0 0.018449 0.286391 0.036899 0.026277
0 0.698771 0.336564 0.232746 0.046264
0 0.407832 0.297949 0.143499 0.041130
0 0.843509 0.367762 0.180662 0.054621
0 0.122018 0.275586 0.128069 0.042972
0 0.259453 0.337912 0.072040 0.034655
0 0.284005 0.269427 0.104216 0.041967
0 0.553597 0.311932 0.073535 0.026669
