0 0.690491 0.349040 0.156856 0.046700
0 0.299425 0.262021 0.114524 0.038516
0 0.043508 0.270025 0.087016 0.050212
0 0.335589 0.330219 0.198389 0.049828
0 0.610569 0.314096 0.189532 0.042993
0 0.836439 0.227999 0.116220 0.028133
0 0.312240 0.330253 0.146132 0.046289
0 0.105306 0.252767 0.156905 0.047369
0 0.648199 0.230294 0.079103 0.026444
0 0.589234 0.315822 0.139287 0.040921
0 0.620148 0.229175 0.107327 0.022468
0 0.122912 0.251606 0.113072 0.042558
0 0.358129 0.323877 0.179804 0.048548
0 0.476530 0.279609 0.106502 0.046851
0 0.399906 0.323423 0.095677 0.045220
0 0.222868 0.300830 0.075197 0.030641
0 0.903246 0.345367 0.177795 0.049408
0 0.593001 0.172619 0.099786 0.025483
0 0.908155 0.299976 0.179368 0.044913
0 0.458610 0.279640 0.129704 0.042974
0 0.659956 0.231880 0.076485 0.025666
0 0.440975 0.283161 0.121495 0.035387
0 0.222173 0.286824 0.085436 0.037488
