3 0.584722 0.454688 0.136111 0.075000
0 0.206944 0.287891 0.086111 0.033594
0 0.334722 0.284766 0.086111 0.032031
0 0.334028 0.346094 0.093056 0.040625
0 0.604167 0.371094 0.094444 0.043750
0 0.690278 0.425391 0.094444 0.046094
0 0.941667 0.469141 0.116667 0.049219
0 0.840278 0.351562 0.102778 0.040625
0 0.861806 0.290625 0.093056 0.043750
0 0.818056 0.245703 0.072222 0.030469
2 0.716667 0.298438 0.069444 0.053125
0 0.646528 0.281250 0.076389 0.037500
2 0.100694 0.361328 0.109722 0.077344
2 0.518056 0.171094 0.086111 0.043750
