0 0.910417 0.503516 0.134722 0.064844
0 0.558333 0.362891 0.086111 0.041406
2 0.620139 0.155469 0.076389 0.039062
0 0.046528 0.314063 0.090278 0.065625
0 0.278472 0.300391 0.073611 0.035156
0 0.359722 0.384375 0.111111 0.068750
0 0.566667 0.317188 0.083333 0.039062
0 0.720833 0.258594 0.072222 0.043750
0 0.868056 0.247266 0.077778 0.033594
0 0.813194 0.292578 0.087500 0.033594
0 0.829167 0.344922 0.091667 0.046094
0 0.745139 0.440234 0.148611 0.082031
0 0.946528 0.565625 0.106944 0.071875
0 0.975000 0.434375 0.050000 0.043750
0 0.026389 0.459766 0.050000 0.044531
0 0.724306 0.389453 0.087500 0.032031
