2 0.730556 0.484766 0.138889 0.074219
2 0.180556 0.244141 0.069444 0.049219
3 0.329167 0.294141 0.075000 0.044531
6 0.564583 0.329688 0.087500 0.056250
0 0.624306 0.360547 0.065278 0.039844
0 0.706944 0.394922 0.091667 0.042969
0 0.484028 0.385156 0.087500 0.037500
0 0.649306 0.298047 0.059722 0.027344
0 0.570139 0.283594 0.065278 0.026562
0 0.611806 0.254688 0.062500 0.029687
0 0.788889 0.262500 0.063889 0.034375
0 0.766667 0.293750 0.061111 0.025000
0 0.768056 0.312109 0.061111 0.028906
0 0.880556 0.573438 0.130556 0.059375
0 0.979167 0.552344 0.041667 0.042188
0 0.385417 0.243750 0.054167 0.025000
2 0.781250 0.214844 0.059722 0.032813
