2 0.693056 0.471484 0.130556 0.064844
0 0.821528 0.553906 0.137500 0.054688
0 0.946528 0.535937 0.106944 0.054688
0 0.689583 0.389844 0.095833 0.039062
0 0.613194 0.360156 0.076389 0.039062
0 0.475694 0.380859 0.095833 0.038281
2 0.340972 0.297266 0.070833 0.041406
0 0.572917 0.285156 0.059722 0.028125
0 0.641667 0.298438 0.058333 0.025000
0 0.750694 0.297266 0.056944 0.021094
0 0.751389 0.316797 0.069444 0.027344
0 0.772917 0.265625 0.056944 0.034375
0 0.794444 0.238672 0.047222 0.024219
6 0.212500 0.254688 0.061111 0.042188
0 0.400000 0.251563 0.050000 0.025000
6 0.561111 0.329297 0.083333 0.053906
0 0.611111 0.260937 0.052778 0.025000
