0 0.744444 0.448828 0.116667 0.047656
0 0.518056 0.566016 0.122222 0.050781
2 0.713889 0.319141 0.080556 0.057031
3 0.693750 0.490234 0.162500 0.082031
0 0.634722 0.395703 0.094444 0.046094
0 0.859028 0.380859 0.098611 0.038281
0 0.850000 0.316797 0.091667 0.042969
0 0.795139 0.264844 0.065278 0.032813
0 0.622917 0.302344 0.084722 0.035937
0 0.349306 0.370703 0.079167 0.044531
2 0.125000 0.390234 0.133333 0.083594
0 0.201389 0.307812 0.080556 0.029687
0 0.322222 0.306250 0.080556 0.039062
0 0.325694 0.266797 0.065278 0.024219
0 0.139583 0.255859 0.073611 0.030469
2 0.482639 0.184375 0.079167 0.046875
2 0.952778 0.219531 0.077778 0.046875
