0 0.549306 0.357422 0.079167 0.038281
0 0.568056 0.310547 0.080556 0.035156
2 0.724306 0.250391 0.070833 0.044531
0 0.863194 0.241016 0.076389 0.035156
0 0.812500 0.285938 0.075000 0.032813
0 0.819444 0.335938 0.091667 0.050000
3 0.345139 0.378516 0.109722 0.064844
0 0.274306 0.292969 0.065278 0.037500
2 0.043056 0.303516 0.083333 0.066406
0 0.874306 0.489063 0.131944 0.065625
0 0.920139 0.551953 0.159722 0.074219
0 0.961806 0.423047 0.073611 0.038281
6 0.715278 0.430469 0.147222 0.085938
0 0.705556 0.379688 0.077778 0.034375
0 0.018056 0.456641 0.033333 0.042969
2 0.629167 0.150000 0.088889 0.043750
