0 0.619444 0.430078 0.077778 0.039844
0 0.729167 0.415625 0.083333 0.034375
0 0.888194 0.542578 0.220833 0.117969
0 0.140972 0.411719 0.087500 0.035937
0 0.177778 0.398438 0.072222 0.037500
0 0.288889 0.357031 0.077778 0.031250
2 0.161806 0.311719 0.070833 0.043750
0 0.305556 0.260547 0.066667 0.027344
0 0.534028 0.278125 0.065278 0.031250
0 0.610417 0.285938 0.062500 0.025000
0 0.680556 0.290625 0.069444 0.031250
0 0.695833 0.308594 0.061111 0.031250
0 0.721528 0.329688 0.070833 0.021875
0 0.806944 0.366016 0.075000 0.028906
0 0.711806 0.372266 0.079167 0.033594
2 0.610417 0.329297 0.065278 0.041406
0 0.624306 0.257812 0.056944 0.028125
0 0.693056 0.226172 0.050000 0.019531
0 0.763194 0.229687 0.051389 0.018750
