0 0.900694 0.530078 0.118056 0.050781
3 0.711806 0.503125 0.231944 0.109375
0 0.618056 0.387500 0.072222 0.034375
0 0.799306 0.371875 0.073611 0.031250
0 0.727778 0.328125 0.069444 0.018750
0 0.056944 0.396094 0.080556 0.032813
0 0.102083 0.383203 0.062500 0.035156
0 0.219444 0.330469 0.069444 0.029687
0 0.475694 0.396094 0.081944 0.037500
2 0.122222 0.294141 0.061111 0.042969
2 0.579167 0.302344 0.058333 0.034375
0 0.676389 0.306250 0.063889 0.025000
0 0.675694 0.285938 0.056944 0.025000
0 0.672917 0.266016 0.043056 0.021094
0 0.613889 0.265625 0.047222 0.021875
0 0.531944 0.264062 0.055556 0.028125
0 0.315278 0.250000 0.061111 0.025000
0 0.634722 0.242578 0.055556 0.019531
0 0.710417 0.216797 0.045833 0.019531
0 0.656944 0.218750 0.052778 0.021875
