0 0.861806 0.518750 0.159722 0.075000
0 0.547917 0.332813 0.079167 0.039062
0 0.840278 0.462500 0.141667 0.062500
0 0.945139 0.400000 0.098611 0.034375
0 0.816667 0.313672 0.080556 0.044531
0 0.810417 0.262891 0.079167 0.028906
0 0.871528 0.219922 0.070833 0.033594
2 0.730556 0.232422 0.077778 0.041406
0 0.568056 0.286328 0.072222 0.035156
3 0.324306 0.357422 0.118056 0.067969
2 0.043056 0.281250 0.083333 0.065625
0 0.277778 0.273438 0.077778 0.037500
0 0.301389 0.228125 0.075000 0.028125
6 0.686806 0.406250 0.148611 0.078125
0 0.699306 0.360547 0.081944 0.038281
2 0.642361 0.132031 0.087500 0.042188
